"F3D0","F3D1","F3D2","F3D3","F3D5","F3D6","F3D7","F3D8","F3D9"
"F3D0",0,0.301323660320684,0.311189663570385,0.333798096255589,0.237399280733263,0.262872077569365,0.312518462663188,0.359485884621351,0.312623420009721
"F3D1",0.301323660320684,0,0.232458590602728,0.292609025632178,0.157122988254325,0.249045851589604,0.337721488025488,0.282075489114884,0.224225319515857
"F3D2",0.311189663570385,0.232458590602728,0,0.085237460063038,0.180573055997742,0.105546956795751,0.151388747061302,0.312986599677217,0.228144088812909
"F3D3",0.333798096255589,0.292609025632178,0.085237460063038,0,0.166577655642319,0.0801195872709685,0.0619068745439578,0.185662746448898,0.149110746928874
"F3D5",0.237399280733263,0.157122988254325,0.180573055997742,0.166577655642319,0,0.126149800701516,0.163413401091441,0.150677195687304,0.0954542555262066
"F3D6",0.262872077569365,0.249045851589604,0.105546956795751,0.0801195872709685,0.126149800701516,0,0.0427490112899627,0.144125714279245,0.0996054303376752
"F3D7",0.312518462663188,0.337721488025488,0.151388747061302,0.0619068745439578,0.163413401091441,0.0427490112899627,0,0.115138712070891,0.098550911866235
"F3D8",0.359485884621351,0.282075489114884,0.312986599677217,0.185662746448898,0.150677195687304,0.144125714279245,0.115138712070891,0,0.0197955540273906
"F3D9",0.312623420009721,0.224225319515857,0.228144088812909,0.149110746928874,0.0954542555262066,0.0996054303376752,0.098550911866235,0.0197955540273906,0
